Model 0.0
	0.550291 -0.193547 -0.812231 10.8887
	-0.440611 -0.89361 -0.0855765 -39.4597
	-0.709255 0.40497 -0.577024 38.0665
Model 1.0
	0.550291 -0.193547 -0.812231 10.8887
	-0.440611 -0.89361 -0.0855765 -39.4597
	-0.709255 0.40497 -0.577024 38.0665
Model 2.0
	0.550291 -0.193547 -0.812231 10.8887
	-0.440611 -0.89361 -0.0855765 -39.4597
	-0.709255 0.40497 -0.577024 38.0665
Model 3.0
	0.550291 -0.193547 -0.812231 10.8887
	-0.440611 -0.89361 -0.0855765 -39.4597
	-0.709255 0.40497 -0.577024 38.0665
Model 4.0
	0.550291 -0.193547 -0.812231 10.8887
	-0.440611 -0.89361 -0.0855765 -39.4597
	-0.709255 0.40497 -0.577024 38.0665
Model 5.0
	0.550291 -0.193547 -0.812231 10.8887
	-0.440611 -0.89361 -0.0855765 -39.4597
	-0.709255 0.40497 -0.577024 38.0665
Model 6.0
	0.550291 -0.193547 -0.812231 10.8887
	-0.440611 -0.89361 -0.0855765 -39.4597
	-0.709255 0.40497 -0.577024 38.0665
Model 7.0
	0.550291 -0.193547 -0.812231 10.8887
	-0.440611 -0.89361 -0.0855765 -39.4597
	-0.709255 0.40497 -0.577024 38.0665
Model 8.0
	0.550291 -0.193547 -0.812231 10.8887
	-0.440611 -0.89361 -0.0855765 -39.4597
	-0.709255 0.40497 -0.577024 38.0665
Model 9.0
	0.550291 -0.193547 -0.812231 10.8887
	-0.440611 -0.89361 -0.0855765 -39.4597
	-0.709255 0.40497 -0.577024 38.0665
Model 10.0
	0.550291 -0.193547 -0.812231 10.8887
	-0.440611 -0.89361 -0.0855765 -39.4597
	-0.709255 0.40497 -0.577024 38.0665
Model 11.0
	0.550291 -0.193547 -0.812231 10.8887
	-0.440611 -0.89361 -0.0855765 -39.4597
	-0.709255 0.40497 -0.577024 38.0665
Model 14.0
	0.550291 -0.193547 -0.812231 10.8887
	-0.440611 -0.89361 -0.0855765 -39.4597
	-0.709255 0.40497 -0.577024 38.0665
Model 15.0
	0.550291 -0.193547 -0.812231 10.8887
	-0.440611 -0.89361 -0.0855765 -39.4597
	-0.709255 0.40497 -0.577024 38.0665
Model 16.0
	0.550291 -0.193547 -0.812231 10.8887
	-0.440611 -0.89361 -0.0855765 -39.4597
	-0.709255 0.40497 -0.577024 38.0665
Model 17.0
	0.550291 -0.193547 -0.812231 10.8887
	-0.440611 -0.89361 -0.0855765 -39.4597
	-0.709255 0.40497 -0.577024 38.0665
Model 18.0
	0.550291 -0.193547 -0.812231 10.8887
	-0.440611 -0.89361 -0.0855765 -39.4597
	-0.709255 0.40497 -0.577024 38.0665
Model 19.0
	0.550291 -0.193547 -0.812231 10.8887
	-0.440611 -0.89361 -0.0855765 -39.4597
	-0.709255 0.40497 -0.577024 38.0665
Model 20.0
	0.550291 -0.193547 -0.812231 10.8887
	-0.440611 -0.89361 -0.0855765 -39.4597
	-0.709255 0.40497 -0.577024 38.0665
Model 21.0
	0.550291 -0.193547 -0.812231 10.8887
	-0.440611 -0.89361 -0.0855765 -39.4597
	-0.709255 0.40497 -0.577024 38.0665
Model 22.0
	0.550291 -0.193547 -0.812231 10.8887
	-0.440611 -0.89361 -0.0855765 -39.4597
	-0.709255 0.40497 -0.577024 38.0665
Model 31.0
	0.550291 -0.193547 -0.812231 10.8887
	-0.440611 -0.89361 -0.0855765 -39.4597
	-0.709255 0.40497 -0.577024 38.0665
Model 117.0
	0.550291 -0.193547 -0.812231 10.8887
	-0.440611 -0.89361 -0.0855765 -39.4597
	-0.709255 0.40497 -0.577024 38.0665
Model 217.0
	0.550291 -0.193547 -0.812231 10.8887
	-0.440611 -0.89361 -0.0855765 -39.4597
	-0.709255 0.40497 -0.577024 38.0665
Model 314.0
	0.550291 -0.193547 -0.812231 10.8887
	-0.440611 -0.89361 -0.0855765 -39.4597
	-0.709255 0.40497 -0.577024 38.0665
Model 414.0
	0.550291 -0.193547 -0.812231 10.8887
	-0.440611 -0.89361 -0.0855765 -39.4597
	-0.709255 0.40497 -0.577024 38.0665